domain_id,resid,resname,rmsf_413
1a0hA01,164,SER,1.3263943
1a0hA01,165,PRO,1.2190217
1a0hA01,166,LEU,1.0801567
1a0hA01,167,LEU,0.9175736
1a0hA01,168,GLU,0.8336407
1a0hA01,169,THR,0.80642146
1a0hA01,170,CYS,0.61180604
1a0hA01,171,VAL,0.5250854
1a0hA01,172,PRO,0.63107055
1a0hA01,173,ASP,0.73908025
1a0hA01,174,ARG,0.80498964
1a0hA01,175,GLY,0.85732126
1a0hA01,176,ARG,0.87252754
1a0hA01,177,GLU,0.9347611
1a0hA01,178,TYR,0.93444663
1a0hA01,179,ARG,0.99754345
1a0hA01,180,GLY,1.0462787
1a0hA01,181,ARG,0.9792876
1a0hA01,182,LEU,0.88746244
1a0hA01,183,ALA,0.8777359
1a0hA01,184,VAL,0.8143887
1a0hA01,185,THR,0.7736808
1a0hA01,186,THR,0.69641185
1a0hA01,187,HSP,0.6752043
1a0hA01,188,GLY,0.63178277
1a0hA01,189,SER,0.5674458
1a0hA01,190,ARG,0.49693614
1a0hA01,191,CYS,0.34463066
1a0hA01,192,LEU,0.49899322
1a0hA01,193,ALA,0.5678406
1a0hA01,194,TRP,0.7549244
1a0hA01,195,SER,0.91345835
1a0hA01,196,SER,0.96355015
1a0hA01,197,GLU,1.0814685
1a0hA01,198,GLN,1.0315772
1a0hA01,199,ALA,0.9249999
1a0hA01,200,LYS,0.93772817
1a0hA01,201,ALA,0.9670364
1a0hA01,202,LEU,0.9447288
1a0hA01,203,SER,0.9504798
1a0hA01,204,LYS,1.020229
1a0hA01,205,ASP,1.0680133
1a0hA01,206,GLN,0.986544
1a0hA01,207,ASP,1.0049119
1a0hA01,208,PHE,0.98392266
1a0hA01,209,ASN,0.88125145
1a0hA01,210,PRO,0.868815
1a0hA01,211,ALA,0.8876793
1a0hA01,212,VAL,0.8199408
1a0hA01,213,PRO,0.7632384
1a0hA01,214,LEU,0.69089055
1a0hA01,215,ALA,0.6734003
1a0hA01,216,GLU,0.65738094
1a0hA01,217,ASN,0.5804863
1a0hA01,218,PHE,0.4334059
1a0hA01,219,CYS,0.41023347
1a0hA01,220,ARG,0.52026385
1a0hA01,221,ASN,0.579741
1a0hA01,222,PRO,0.6980093
1a0hA01,223,ASP,0.8407098
1a0hA01,224,GLY,0.93550706
1a0hA01,225,ASP,0.8492714
1a0hA01,226,GLU,0.7583227
1a0hA01,227,GLU,0.66765016
1a0hA01,228,GLY,0.6004368
1a0hA01,229,ALA,0.46113056
1a0hA01,230,TRP,0.42096564
1a0hA01,231,CYS,0.35572898
1a0hA01,232,TYR,0.44157624
1a0hA01,233,VAL,0.4572688
1a0hA01,234,ALA,0.614941
1a0hA01,235,ASP,0.7370772
1a0hA01,236,GLN,0.68747556
1a0hA01,237,PRO,0.68452686
1a0hA01,238,GLY,0.62385863
1a0hA01,239,ASP,0.5525546
1a0hA01,240,PHE,0.42686862
1a0hA01,241,GLU,0.42679957
1a0hA01,242,TYR,0.36906412
1a0hA01,243,CYS,0.32445103
1a0hA01,244,ASP,0.39490938
1a0hA01,245,LEU,0.5159697
1a0hA01,246,ASN,0.6034316
1a0hA01,247,TYR,0.5495633
1a0hA01,248,CYS,0.6552789
1a0hA01,249,GLU,0.8623956
1a0hA01,250,GLU,1.0272458
1a0hA01,251,PRO,1.1469942
1a0hA01,252,VAL,1.3250712
1a02F00,140,ARG,1.52004
1a02F00,141,ARG,1.339702
1a02F00,142,ILE,1.1846218
1a02F00,143,ARG,1.0579318
1a02F00,144,ARG,0.9535355
1a02F00,145,GLU,0.8424857
1a02F00,146,ARG,0.8474073
1a02F00,147,ASN,0.8399177
1a02F00,148,LYS,0.79528415
1a02F00,149,MET,0.78001326
1a02F00,150,ALA,0.82913405
1a02F00,151,ALA,0.90754616
1a02F00,152,ALA,0.95910645
1a02F00,153,LYS,1.0474622
1a02F00,154,SER,1.0855999
1a02F00,155,ARG,1.0880091
1a02F00,156,ASN,1.0869925
1a02F00,157,ARG,1.0820026
1a02F00,158,ARG,1.0907993
1a02F00,159,ARG,1.100095
1a02F00,160,GLU,1.0678233
1a02F00,161,LEU,1.0280576
1a02F00,162,THR,1.0234379
1a02F00,163,ASP,1.0334867
1a02F00,164,THR,0.97580206
1a02F00,165,LEU,0.92761505
1a02F00,166,GLN,0.8668005
1a02F00,167,ALA,0.8417206
1a02F00,168,GLU,0.8493126
1a02F00,169,THR,0.87207335
1a02F00,170,ASP,0.9363061
1a02F00,171,GLN,0.90949476
1a02F00,172,LEU,0.91122115
1a02F00,173,GLU,0.95686835
1a02F00,174,ASP,0.9414087
1a02F00,175,GLU,0.9631386
1a02F00,176,LYS,0.9468338
1a02F00,177,SER,0.93701476
1a02F00,178,ALA,0.929728
1a02F00,179,LEU,0.9121474
1a02F00,180,GLN,0.876815
1a02F00,181,THR,0.88431966
1a02F00,182,GLU,0.86326844
1a02F00,183,ILE,0.81861854
1a02F00,184,ALA,0.81997347
1a02F00,185,ASN,0.8095698
1a02F00,186,LEU,0.78578216
1a02F00,187,LEU,0.80380964
1a02F00,188,LYS,0.83582246
1a02F00,189,GLU,0.9190307
1a02F00,190,LYS,0.9958538
1a02F00,191,GLU,1.1082661
1a02F00,192,LYS,1.2215923
